
// Ниже приведены коэффициенты трехдиагольных СЛАУ для каждого варианта
// 1-я строка: компоненты вектора a=(a_2, a_3, ..., a_n) (подддиагональ заполняется со второго элемента)
// 2-я строка: компоненты вектора b=(b_1, b_2, ..., b_n) (ддиагональ заполняется полностью)
// 3-я строка: компоненты вектора c=(c_1, c_2, ..., c_(n-1) ) (наддиагональ заполняется без последнего элемента)
// 4-я строка: компоненты вектора d=(d_1, d_2, ..., d_n) правых частей

**********************************   Вариант 1  **********************************
    -1  1  1 -1  1
   50   90  125  110   85   70
   1  1 -1  0  1
   10  -9  12  11   9   8

**********************************   Вариант 2  **********************************
   1  1 -1  2 -1
   60   80  130  -90  140   70
   1  1 -2  1 -1
   6   7  13  -8  15   9

**********************************   Вариант 3  **********************************
    -1  1 -1  1  1
    45   85   97 -113  148   70
    1  1 -1 -1  1
    5   9  10 -10  15   6

**********************************   Вариант 4  **********************************
    1 -1  1  1  2
    58   86   90  130  -75  110
    1  1  1 -1 -1
    6   9   9  12  -8  10

**********************************   Вариант 5  **********************************
    -1 -1  2  1 -1
   90  114   77   98  -85  134
   1  0  1  1  1
   9  11   8  10  -9  14

**********************************   Вариант 6  **********************************
    1 -2  1  1  1
    74   86   94  133  134   93
    0  1  1 -1  1
    7   8  10  13  12  10

**********************************   Вариант 7  **********************************
    2  1  0  1  1
    141   98   74   87 -169   51
    1  0  1  0  1
    14  10   7   9 -17   5

**********************************   Вариант 8  **********************************
    0  1 -1  1  1
    151   73   56   88   94   92
    1  1  0 -1  1
    14   7   6   9   9   9

**********************************   Вариант 9  **********************************
    1  0 -1  1  1
    49   71   94  122  105   54
    -1  0  1  1  1
     5   7  10  12  11  14

**********************************   Вариант 10  **********************************
    0  1 -1  1  1
    86   93  171   59   74  105
    1  1 -1  0  1
    9   9  16   6   7  10

**********************************   Вариант 11  **********************************
     1 -1  0  1  1
     75  107   91   64   85   97
     1  1  0  1  1
    7  10   9   6   9  10

**********************************   Вариант 12  **********************************
     1  1 -1  2  1
     94  115   98   54  107   76
     1 -1  0  1  1
     10  11  10   5  11   8

**********************************   Вариант 13  **********************************
     1 -1  0. 1  1
     65   91  147   78   99  132
     1 -1  1  0  1
     6  10  14   8  10  13

**********************************   Вариант 14  **********************************
     1  0  1 -1  1
     99  123  135  103   74   59
     1  0 -1 -1  1
     9  12  14  10   7   6

**********************************   Вариант 15  **********************************
    1  1 -1  0  1  1
    57   73   81   77   93   54   85
    0 -1  1  0  1  0
    10   7  16  14   9  10   8

**********************************   Вариант 16  **********************************
     0  1  0  1  1 -1
     103  124   91   59   72  111   93
     0  1  0  0  1  1
     9  11   8   7   7  12  10

**********************************   Вариант 17  **********************************
    1 -1  0  1 -1  1
    84   92  143   76   49   57   94
    1  0 -1  0 -1  1
    8   9  15   8   5   7  10

**********************************   Вариант 18  **********************************
    1  0 -1  0 -1  1
    67   83  123   75  154   47   71
    2 -1  0  1  1  1
    13   8  12   8  18   8  10

**********************************   Вариант 19  **********************************
     2 -1  1  1  0  1
     104   98   88 -141   81   73   67
     1  0 -1  1  1  1
     22  20  19 -26  16  15  13

**********************************   Вариант 20  **********************************
     2  1  0  1  1  2
    95   54   81  131   67   91   84
    -1  1  0  2 -3  0
    17   9  15  24  13  17  19

**********************************   Вариант 21  **********************************
    -1  0  2  1  1  1
    84   73   52   91   66  113   74
   -1  1  0  1 -2  1
   17  13  10  20  13  20  14

**********************************   Вариант 22  **********************************
    1  0 -1  1  1 -1
    53   99  123   93   68   73   86
    0 -1 -1  0 -1 -1
    15  26  35  24  19  20  25

**********************************   Вариант 23  **********************************
    0  1  1 -1  0  1
    123  113   97   56   84   73   67
    1  0  1  2 -1  0
    12  10  10   6   8   6   4

**********************************   Вариант 24  **********************************
    1 -1  1 -1  1  1
    47   94   77   92  108   51   79
    1  1 -2  0  1  1
    6  14  11  13  15   7  12

**********************************   Вариант 25  **********************************
    0  1 -1 -1  1  2
    73   97   85   94  118   61   97
    -1  1  1  2  1  0
    9  13  10  11  16   8  12

**********************************   Вариант 26  **********************************
     1  1 -1  1  2  2
     66  105   94   113  71   94  68
     1  0  1 -1 -1  1
     10  15  12  17  11  13  9

**********************************   Вариант 27  **********************************
   -1  1  1 -1  1 -2
   115   97  121  106   91   86   75
   1  1 -1 -1  0  1
   10   9  13   9   8   8   6

**********************************   Вариант 28  **********************************
     1  0  1 -1  1  1
    69  121   79  132   93   84  75
    1 -1  1  0  1  1
    11  18  12  19  15  11  7

**********************************   Вариант 29  **********************************
    -1  1  0  1  1 -1
    113   97  143   59  101   91   88
    0  2 -1  1 -2  1
    13  12  19   8  13  12  11

**********************************   Вариант 30  **********************************
    1  1  1 -1  2
    70   90  110 -120  135  150
    1 -1  1  1 -1
    7  10  10 -13  14  16
